0.0742
0.0000
0.0000
0.1016
0.0000
0.0000
0.0743
0.0688
0.0000
0.0417
0.0000
0.0587
0.0364
0.0974
0.0926
0.2063
0.0000
0.0000
0.0000
0.0000
0.0000
0.0974
0.0000
0.0246
0.0000
0.0670
0.0000
0.0149
0.1663
0.0053
0.0000
0.0000
0.0000
0.0144
0.0000
0.0221
0.0016
0.0000
0.0000
0.0000
0.0024
0.0433
0.0000
0.0150
0.2526
0.0000
0.2675
0.0000
0.0214
0.1259
0.0000
0.0000
0.0031
0.0579
0.0000
0.0000
0.0000
0.0862
0.0000
0.0000
0.0000
0.0000
0.0564
0.0000
0.0000
0.0000
0.0000
0.0000
0.0000
0.0000
0.0000
0.2376
0.0000
0.0000
0.1387
0.1663
0.0000
0.0877
0.1680
0.1179
0.0000
0.0742
0.0800
0.0160
0.2316
0.0326
0.0000
0.0000
0.0000
0.0000
0.0000
0.0000
0.0000
0.0000
0.0388
0.0509
0.0252
0.0000
0.0000
0.0995
0.1751
0.0225
0.1375
0.0000
0.0000
0.0000
0.1062
0.0000
0.0374
0.0000
0.0400
0.1213
0.0200
0.0000
0.0379
0.1747
0.0000
0.0000
0.0000
0.0000
0.0000
0.1790
0.0303
0.1137
0.1059
0.0000
0.1516
0.0719
