0.074176840484142303466796875000
0.000000000000000000000000000000
0.000000000000000000000000000000
0.101556450128555297851562500000
0.000000000000000000000000000000
0.000000000000000000000000000000
0.074303805828094482421875000000
0.068763516843318939208984375000
0.000000000000000000000000000000
0.041722204536199569702148437500
0.000000000000000000000000000000
0.058697298169136047363281250000
0.036373913288116455078125000000
0.097418799996376037597656250000
0.092601418495178222656250000000
0.206299632787704467773437500000
0.000000000000000000000000000000
0.000000000000000000000000000000
0.000000000000000000000000000000
0.000000000000000000000000000000
0.000000000000000000000000000000
0.097417086362838745117187500000
0.000000000000000000000000000000
0.024555694311857223510742187500
0.000000000000000000000000000000
0.066993154585361480712890625000
0.000000000000000000000000000000
0.014915421605110168457031250000
0.166295647621154785156250000000
0.005323046352714300155639648438
0.000000000000000000000000000000
0.000000000000000000000000000000
0.000000000000000000000000000000
0.014368357136845588684082031250
0.000000000000000000000000000000
0.022104425355792045593261718750
0.001563599100336432456970214844
0.000000000000000000000000000000
0.000000000000000000000000000000
0.000000000000000000000000000000
0.002373227383941411972045898438
0.043253228068351745605468750000
0.000000000000000000000000000000
0.014955546706914901733398437500
0.252594590187072753906250000000
0.000000000000000000000000000000
0.267519682645797729492187500000
0.000000000000000000000000000000
0.021427668631076812744140625000
0.125865578651428222656250000000
0.000000000000000000000000000000
0.000000000000000000000000000000
0.003129717893898487091064453125
0.057875614613294601440429687500
0.000000000000000000000000000000
0.000000000000000000000000000000
0.000000000000000000000000000000
0.086198106408119201660156250000
0.000000000000000000000000000000
0.000000000000000000000000000000
0.000000000000000000000000000000
0.000000000000000000000000000000
0.056437183171510696411132812500
0.000000000000000000000000000000
0.000000000000000000000000000000
0.000000000000000000000000000000
0.000000000000000000000000000000
0.000000000000000000000000000000
0.000000000000000000000000000000
0.000000000000000000000000000000
0.000000000000000000000000000000
0.237587258219718933105468750000
0.000000000000000000000000000000
0.000000000000000000000000000000
0.138731420040130615234375000000
0.166276514530181884765625000000
0.000000000000000000000000000000
0.087678775191307067871093750000
0.167993843555450439453125000000
0.117858342826366424560546875000
0.000000000000000000000000000000
0.074202947318553924560546875000
0.079956464469432830810546875000
0.015986345708370208740234375000
0.231618955731391906738281250000
0.032566301524639129638671875000
0.000000000000000000000000000000
0.000000000000000000000000000000
0.000000000000000000000000000000
0.000000000000000000000000000000
0.000000000000000000000000000000
0.000000000000000000000000000000
0.000000000000000000000000000000
0.000000000000000000000000000000
0.038846746087074279785156250000
0.050864171236753463745117187500
0.025186724960803985595703125000
0.000000000000000000000000000000
0.000000000000000000000000000000
0.099467456340789794921875000000
0.175097838044166564941406250000
0.022538386285305023193359375000
0.137500301003456115722656250000
0.000000000000000000000000000000
0.000000000000000000000000000000
0.000000000000000000000000000000
0.106169052422046661376953125000
0.000000000000000000000000000000
0.037388458847999572753906250000
0.000000000000000000000000000000
0.039956398308277130126953125000
0.121292948722839355468750000000
0.019996248185634613037109375000
0.000000000000000000000000000000
0.037893641740083694458007812500
0.174692392349243164062500000000
0.000000000000000000000000000000
0.000000000000000000000000000000
0.000000000000000000000000000000
0.000000000000000000000000000000
0.000000000000000000000000000000
0.178958758711814880371093750000
0.030296010896563529968261718750
0.113669380545616149902343750000
0.105936586856842041015625000000
0.000000000000000000000000000000
0.151550218462944030761718750000
0.071940183639526367187500000000
