0.000000000000000000 0.000000000000000000 0.000000000000000000 0.000000000000000000 0.000000000000000000 0.000000000000000000 0.000000000000000000 0.000000000000000000 0.011764706112444401 0.000000000000000000 0.278431385755538940 0.674509823322296143 0.474509805440902710 0.458823531866073608 0.458823531866073608 0.686274528503417969 0.509803950786590576 0.000000000000000000 0.000000000000000000 0.003921568859368563 0.000000000000000000 0.000000000000000000 0.000000000000000000 0.000000000000000000 0.000000000000000000 0.000000000000000000 0.000000000000000000 0.000000000000000000
0.000000000000000000 0.000000000000000000 0.000000000000000000 0.000000000000000000 0.000000000000000000 0.000000000000000000 0.003921568859368563 0.000000000000000000 0.000000000000000000 0.000000000000000000 0.650980412960052490 0.549019634723663330 0.439215689897537231 0.745098054409027100 0.705882370471954346 0.568627476692199707 0.643137276172637939 0.047058824449777603 0.000000000000000000 0.000000000000000000 0.003921568859368563 0.003921568859368563 0.003921568859368563 0.000000000000000000 0.000000000000000000 0.000000000000000000 0.000000000000000000 0.000000000000000000
0.000000000000000000 0.000000000000000000 0.000000000000000000 0.000000000000000000 0.000000000000000000 0.000000000000000000 0.000000000000000000 0.000000000000000000 0.294117659330368042 0.521568655967712402 0.670588254928588867 0.619607865810394287 0.309803932905197144 0.490196079015731812 0.231372550129890442 0.490196079015731812 0.737254917621612549 0.623529434204101562 0.270588248968124390 0.003921568859368563 0.000000000000000000 0.000000000000000000 0.003921568859368563 0.000000000000000000 0.000000000000000000 0.000000000000000000 0.000000000000000000 0.000000000000000000
0.000000000000000000 0.000000000000000000 0.000000000000000000 0.003921568859368563 0.000000000000000000 0.000000000000000000 0.313725501298904419 0.521568655967712402 0.568627476692199707 0.529411792755126953 0.466666668653488159 0.537254929542541504 0.486274510622024536 0.756862759590148926 0.521568655967712402 0.619607865810394287 0.505882382392883301 0.517647087574005127 0.592156887054443359 0.549019634723663330 0.505882382392883301 0.000000000000000000 0.000000000000000000 0.003921568859368563 0.000000000000000000 0.000000000000000000 0.000000000000000000 0.000000000000000000
0.000000000000000000 0.000000000000000000 0.000000000000000000 0.011764706112444401 0.000000000000000000 0.160784319043159485 0.580392181873321533 0.486274510622024536 0.447058826684951782 0.407843142747879028 0.454901963472366333 0.427450984716415405 0.376470595598220825 0.611764729022979736 0.517647087574005127 0.407843142747879028 0.439215689897537231 0.439215689897537231 0.458823531866073608 0.490196079015731812 0.619607865810394287 0.474509805440902710 0.000000000000000000 0.003921568859368563 0.000000000000000000 0.000000000000000000 0.000000000000000000 0.000000000000000000
0.000000000000000000 0.000000000000000000 0.000000000000000000 0.000000000000000000 0.000000000000000000 0.486274510622024536 0.537254929542541504 0.486274510622024536 0.486274510622024536 0.466666668653488159 0.474509805440902710 0.454901963472366333 0.435294121503829956 0.490196079015731812 0.458823531866073608 0.439215689897537231 0.466666668653488159 0.478431373834609985 0.466666668653488159 0.498039215803146362 0.509803950786590576 0.568627476692199707 0.011764706112444401 0.000000000000000000 0.000000000000000000 0.000000000000000000 0.000000000000000000 0.000000000000000000
0.000000000000000000 0.000000000000000000 0.000000000000000000 0.000000000000000000 0.000000000000000000 0.541176497936248779 0.537254929542541504 0.537254929542541504 0.537254929542541504 0.490196079015731812 0.486274510622024536 0.478431373834609985 0.458823531866073608 0.498039215803146362 0.454901963472366333 0.474509805440902710 0.478431373834609985 0.529411792755126953 0.556862771511077881 0.580392181873321533 0.537254929542541504 0.592156887054443359 0.188235297799110413 0.000000000000000000 0.003921568859368563 0.000000000000000000 0.000000000000000000 0.000000000000000000
0.000000000000000000 0.000000000000000000 0.000000000000000000 0.000000000000000000 0.086274512112140656 0.639215707778930664 0.505882382392883301 0.517647087574005127 0.639215707778930664 0.509803950786590576 0.466666668653488159 0.466666668653488159 0.427450984716415405 0.486274510622024536 0.439215689897537231 0.427450984716415405 0.447058826684951782 0.490196079015731812 0.560784339904785156 0.623529434204101562 0.568627476692199707 0.592156887054443359 0.458823531866073608 0.000000000000000000 0.000000000000000000 0.000000000000000000 0.000000000000000000 0.000000000000000000
0.000000000000000000 0.000000000000000000 0.000000000000000000 0.000000000000000000 0.341176480054855347 0.682352960109710693 0.466666668653488159 0.592156887054443359 0.662745118141174316 0.466666668653488159 0.427450984716415405 0.415686279535293579 0.384313732385635376 0.454901963472366333 0.423529416322708130 0.415686279535293579 0.447058826684951782 0.458823531866073608 0.517647087574005127 0.650980412960052490 0.611764729022979736 0.541176497936248779 0.611764729022979736 0.000000000000000000 0.000000000000000000 0.000000000000000000 0.000000000000000000 0.000000000000000000
0.000000000000000000 0.000000000000000000 0.000000000000000000 0.000000000000000000 0.505882382392883301 0.619607865810394287 0.372549027204513550 0.474509805440902710 0.800000011920928955 0.447058826684951782 0.352941185235977173 0.341176480054855347 0.325490206480026245 0.435294121503829956 0.376470595598220825 0.321568638086318970 0.341176480054855347 0.333333343267440796 0.458823531866073608 0.713725507259368896 0.423529416322708130 0.458823531866073608 0.603921592235565186 0.078431375324726105 0.000000000000000000 0.000000000000000000 0.000000000000000000 0.000000000000000000
0.000000000000000000 0.000000000000000000 0.000000000000000000 0.000000000000000000 0.572549045085906982 0.611764729022979736 0.392156869173049927 0.529411792755126953 0.960784316062927246 0.556862771511077881 0.396078437566757202 0.384313732385635376 0.341176480054855347 0.423529416322708130 0.384313732385635376 0.321568638086318970 0.356862753629684448 0.407843142747879028 0.654901981353759766 0.921568632125854492 0.498039215803146362 0.517647087574005127 0.639215707778930664 0.309803932905197144 0.000000000000000000 0.000000000000000000 0.000000000000000000 0.000000000000000000
0.000000000000000000 0.000000000000000000 0.000000000000000000 0.000000000000000000 0.611764729022979736 0.509803950786590576 0.333333343267440796 0.592156887054443359 1.000000000000000000 0.674509823322296143 0.423529416322708130 0.454901963472366333 0.403921574354171753 0.427450984716415405 0.396078437566757202 0.407843142747879028 0.490196079015731812 0.490196079015731812 0.686274528503417969 0.847058832645416260 0.278431385755538940 0.294117659330368042 0.529411792755126953 0.466666668653488159 0.000000000000000000 0.000000000000000000 0.000000000000000000 0.000000000000000000
0.000000000000000000 0.000000000000000000 0.000000000000000000 0.000000000000000000 0.682352960109710693 0.498039215803146362 0.415686279535293579 0.643137276172637939 0.827450990676879883 0.686274528503417969 0.447058826684951782 0.415686279535293579 0.372549027204513550 0.439215689897537231 0.415686279535293579 0.352941185235977173 0.415686279535293579 0.447058826684951782 0.654901981353759766 0.890196084976196289 0.478431373834609985 0.466666668653488159 0.560784339904785156 0.588235318660736084 0.000000000000000000 0.000000000000000000 0.000000000000000000 0.000000000000000000
0.000000000000000000 0.000000000000000000 0.000000000000000000 0.113725490868091583 0.639215707778930664 0.333333343267440796 0.423529416322708130 0.580392181873321533 0.776470601558685303 0.694117665290832520 0.490196079015731812 0.486274510622024536 0.435294121503829956 0.447058826684951782 0.466666668653488159 0.403921574354171753 0.478431373834609985 0.537254929542541504 0.725490212440490723 0.713725507259368896 0.521568655967712402 0.341176480054855347 0.454901963472366333 0.498039215803146362 0.000000000000000000 0.000000000000000000 0.000000000000000000 0.000000000000000000
0.000000000000000000 0.000000000000000000 0.000000000000000000 0.227450981736183167 0.682352960109710693 0.384313732385635376 0.631372570991516113 0.333333343267440796 0.639215707778930664 0.674509823322296143 0.486274510622024536 0.427450984716415405 0.415686279535293579 0.439215689897537231 0.439215689897537231 0.352941185235977173 0.466666668653488159 0.560784339904785156 0.717647075653076172 0.458823531866073608 0.505882382392883301 0.505882382392883301 0.505882382392883301 0.588235318660736084 0.000000000000000000 0.000000000000000000 0.000000000000000000 0.000000000000000000
0.000000000000000000 0.000000000000000000 0.000000000000000000 0.309803932905197144 0.639215707778930664 0.301960796117782593 0.619607865810394287 0.113725490868091583 0.603921592235565186 0.631372570991516113 0.486274510622024536 0.447058826684951782 0.407843142747879028 0.458823531866073608 0.439215689897537231 0.364705890417098999 0.447058826684951782 0.541176497936248779 0.768627464771270752 0.345098048448562622 0.392156869173049927 0.458823531866073608 0.435294121503829956 0.572549045085906982 0.000000000000000000 0.000000000000000000 0.000000000000000000 0.000000000000000000
0.000000000000000000 0.000000000000000000 0.000000000000000000 0.376470595598220825 0.717647075653076172 0.356862753629684448 0.619607865810394287 0.176470592617988586 0.694117665290832520 0.490196079015731812 0.423529416322708130 0.466666668653488159 0.435294121503829956 0.478431373834609985 0.423529416322708130 0.384313732385635376 0.458823531866073608 0.474509805440902710 0.611764729022979736 0.529411792755126953 0.392156869173049927 0.560784339904785156 0.447058826684951782 0.592156887054443359 0.000000000000000000 0.000000000000000000 0.000000000000000000 0.000000000000000000
0.000000000000000000 0.000000000000000000 0.000000000000000000 0.423529416322708130 0.600000023841857910 0.294117659330368042 0.509803950786590576 0.250980406999588013 0.717647075653076172 0.447058826684951782 0.396078437566757202 0.427450984716415405 0.396078437566757202 0.466666668653488159 0.423529416322708130 0.396078437566757202 0.415686279535293579 0.466666668653488159 0.498039215803146362 0.588235318660736084 0.392156869173049927 0.541176497936248779 0.290196090936660767 0.733333349227905273 0.015686275437474251 0.000000000000000000 0.000000000000000000 0.000000000000000000
0.000000000000000000 0.000000000000000000 0.000000000000000000 0.490196079015731812 0.611764729022979736 0.486274510622024536 0.521568655967712402 0.384313732385635376 0.725490212440490723 0.423529416322708130 0.435294121503829956 0.454901963472366333 0.486274510622024536 0.478431373834609985 0.407843142747879028 0.439215689897537231 0.498039215803146362 0.505882382392883301 0.423529416322708130 0.654901981353759766 0.521568655967712402 0.517647087574005127 0.415686279535293579 0.788235306739807129 0.035294119268655777 0.000000000000000000 0.000000000000000000 0.000000000000000000
0.000000000000000000 0.000000000000000000 0.000000000000000000 0.486274510622024536 0.490196079015731812 0.333333343267440796 0.447058826684951782 0.603921592235565186 0.549019634723663330 0.486274510622024536 0.384313732385635376 0.352941185235977173 0.356862753629684448 0.447058826684951782 0.466666668653488159 0.407843142747879028 0.403921574354171753 0.407843142747879028 0.486274510622024536 0.592156887054443359 0.674509823322296143 0.435294121503829956 0.325490206480026245 0.745098054409027100 0.105882354080677032 0.000000000000000000 0.000000000000000000 0.000000000000000000
0.000000000000000000 0.000000000000000000 0.000000000000000000 0.631372570991516113 0.556862771511077881 0.447058826684951782 0.505882382392883301 0.713725507259368896 0.541176497936248779 0.478431373834609985 0.458823531866073608 0.439215689897537231 0.415686279535293579 0.466666668653488159 0.439215689897537231 0.396078437566757202 0.427450984716415405 0.498039215803146362 0.458823531866073608 0.572549045085906982 0.784313738346099854 0.517647087574005127 0.356862753629684448 0.819607853889465332 0.168627455830574036 0.000000000000000000 0.000000000000000000 0.000000000000000000
0.000000000000000000 0.000000000000000000 0.000000000000000000 0.623529434204101562 0.447058826684951782 0.294117659330368042 0.517647087574005127 0.639215707778930664 0.521568655967712402 0.498039215803146362 0.423529416322708130 0.478431373834609985 0.466666668653488159 0.505882382392883301 0.517647087574005127 0.505882382392883301 0.509803950786590576 0.474509805440902710 0.541176497936248779 0.556862771511077881 0.650980412960052490 0.490196079015731812 0.294117659330368042 0.705882370471954346 0.239215686917304993 0.000000000000000000 0.000000000000000000 0.000000000000000000
0.000000000000000000 0.000000000000000000 0.000000000000000000 0.694117665290832520 0.486274510622024536 0.341176480054855347 0.733333349227905273 0.674509823322296143 0.392156869173049927 0.592156887054443359 0.352941185235977173 0.345098048448562622 0.356862753629684448 0.498039215803146362 0.447058826684951782 0.313725501298904419 0.341176480054855347 0.396078437566757202 0.568627476692199707 0.541176497936248779 0.725490212440490723 0.631372570991516113 0.352941185235977173 0.776470601558685303 0.356862753629684448 0.000000000000000000 0.000000000000000000 0.000000000000000000
0.000000000000000000 0.000000000000000000 0.000000000000000000 0.756862759590148926 0.439215689897537231 0.325490206480026245 0.717647075653076172 0.694117665290832520 0.447058826684951782 0.509803950786590576 0.521568655967712402 0.490196079015731812 0.486274510622024536 0.486274510622024536 0.486274510622024536 0.498039215803146362 0.509803950786590576 0.517647087574005127 0.517647087574005127 0.568627476692199707 0.705882370471954346 0.580392181873321533 0.333333343267440796 0.717647075653076172 0.396078437566757202 0.000000000000000000 0.000000000000000000 0.000000000000000000
0.000000000000000000 0.000000000000000000 0.000000000000000000 0.737254917621612549 0.403921574354171753 0.423529416322708130 0.756862759590148926 0.415686279535293579 0.588235318660736084 0.588235318660736084 0.486274510622024536 0.474509805440902710 0.458823531866073608 0.560784339904785156 0.560784339904785156 0.490196079015731812 0.486274510622024536 0.521568655967712402 0.686274528503417969 0.537254929542541504 0.505882382392883301 0.768627464771270752 0.313725501298904419 0.713725507259368896 0.435294121503829956 0.000000000000000000 0.000000000000000000 0.000000000000000000
0.000000000000000000 0.000000000000000000 0.000000000000000000 0.701960802078247070 0.384313732385635376 0.458823531866073608 0.611764729022979736 0.000000000000000000 0.000000000000000000 0.113725490868091583 0.168627455830574036 0.239215686917304993 0.196078434586524963 0.341176480054855347 0.333333343267440796 0.282352954149246216 0.258823543787002563 0.160784319043159485 0.054901961237192154 0.000000000000000000 0.000000000000000000 0.752941191196441650 0.415686279535293579 0.670588254928588867 0.509803950786590576 0.000000000000000000 0.000000000000000000 0.000000000000000000
0.000000000000000000 0.000000000000000000 0.000000000000000000 0.827450990676879883 0.396078437566757202 0.580392181873321533 0.639215707778930664 0.000000000000000000 0.000000000000000000 0.000000000000000000 0.000000000000000000 0.000000000000000000 0.000000000000000000 0.000000000000000000 0.000000000000000000 0.000000000000000000 0.000000000000000000 0.000000000000000000 0.000000000000000000 0.000000000000000000 0.000000000000000000 0.733333349227905273 0.478431373834609985 0.670588254928588867 0.537254929542541504 0.000000000000000000 0.000000000000000000 0.000000000000000000
0.000000000000000000 0.000000000000000000 0.000000000000000000 0.537254929542541504 0.505882382392883301 0.560784339904785156 0.258823543787002563 0.000000000000000000 0.003921568859368563 0.003921568859368563 0.015686275437474251 0.015686275437474251 0.003921568859368563 0.003921568859368563 0.000000000000000000 0.015686275437474251 0.015686275437474251 0.011764706112444401 0.000000000000000000 0.000000000000000000 0.000000000000000000 0.580392181873321533 0.568627476692199707 0.662745118141174316 0.270588248968124390 0.000000000000000000 0.000000000000000000 0.000000000000000000
