-0.0879
-0.1190
0.0580
0.0421
0.0240
0.0799
0.1876
-0.1844
-0.1731
-0.0119
0.1270
-0.1379
0.0841
-0.0428
-0.2204
-0.1195
-0.0681
-0.0698
0.1046
-0.0494
0.1753
0.1149
0.1170
-0.0625
-0.0302
0.1403
0.2227
-0.0347
-0.1197
-0.1583
-0.1158
-0.0601
-0.0774
0.1872
0.1544
0.1402
0.0858
0.0169
0.1173
0.0675
0.0967
-0.1799
0.0820
-0.0091
0.1776
-0.0307
0.1097
-0.0784
0.0069
0.1311
-0.0747
0.0996
-0.0814
0.0643
0.0494
0.1321
-0.2113
-0.0666
0.1737
-0.1027
-0.1250
0.0869
-0.1029
-0.1680
-0.1325
-0.1609
0.1333
0.0085
0.1579
-0.0029
-0.0933
-0.1497
0.1977
-0.0354
0.0815
-0.0213
0.2215
0.0548
0.0580
-0.0897
0.1116
-0.1128
0.1404
0.1286
-0.2083
0.1296
0.2093
-0.0657
0.1539
-0.1174
-0.1237
0.1788
0.1263
0.0223
0.1304
0.0178
0.0461
-0.1322
-0.0080
-0.0643
-0.0705
-0.0978
0.0571
-0.0945
-0.2248
-0.1018
0.1961
-0.0038
0.0387
0.1077
-0.0076
-0.0109
0.1983
-0.0773
-0.1745
-0.0146
0.1666
0.0039
0.1294
0.0376
-0.1034
-0.0883
0.1324
0.0961
0.1787
-0.0315
-0.0838
0.1925
